Białystok, 53.132488, 23.16884, 500
Bielsko-Biała, 49.807621, 19.05584, 50
Chrzanów, 50.144138, 19.40601, 400
Gdańsk, 54.352024, 18.646639, 200
Gdynia, 54.51889, 18.53054, 100
Gliwice, 50.292961, 18.66893, 40
Gromnik, 49.832588, 20.95686, 200
Katowice, 50.264893, 19.023781, 300
Kielce, 50.866077, 20.628569, 30
Krosno, 49.693722, 21.765921, 60
Krynica, 54.383389, 19.441031, 50
Lublin, 51.24691, 22.57362, 60
Łódź, 51.759048, 19.458599, 160
Malbork, 54.035091, 19.048571, 100
Nowy Targ, 49.482479, 20.031771, 120
Olsztyn, 53.775711, 20.47798, 300
Poznań, 52.406376, 16.925167, 100
Puławy, 51.416481, 21.96904, 200
Radom, 51.40667, 21.125441, 100
Rzeszów, 50.04015, 21.97979, 60
Sandomierz, 50.68224, 21.750177, 200
Szczecin, 53.428543, 14.552812, 150
Szczucin, 50.308441, 21.07795, 60
Szklarska Poręba, 50.830189, 15.51875, 50
Tarnów, 50.015732, 20.986601, 70
Warszawa, 52.229675, 21.01223, 200
Wieliczka, 49.983528, 20.06049, 90
Wrocław, 51.107883, 17.038538, 40
Zakopane, 49.299171, 19.94902, 200
Zamość, 50.717369, 23.25276, 300